0.621370744052942	0.999917833184084	3	0.999671332736337	0.455108318261687
1.17680616193096	0.999844385310700	7	0.999733231961200	0.410018494692785
1.24085042997997	0.999835916431800	8	0.999753874647700	0.393835376455056
0.767599811234984	0.999898496617373	6	0.999796993234746	0.357677650786986
1.44140691823843	0.999809395891190	7	0.999673250099183	0.453778882313910
1.39651707064417	0.999815331889753	9	0.999753775853004	0.393914411268371
1.44140691823843	0.999809395891190	7	0.999673250099183	0.453778882313910

sse rsquare dfe adjrsquare rmse

