0.260189003007425	0.999931379188528	3	0.999725516754110	0.294499011321162
1.96201421529843	0.999482549200704	7	0.999112941486922	0.529422085903708
1.96188818222306	0.999482582439972	8	0.999223873659958	0.495213108447144
0.344223398696322	0.999909216420858	6	0.999818432841717	0.239521536504313
5.57642812526267	0.998529303626787	7	0.997478806217349	0.892542766103249
5.53643556796527	0.998539851043099	9	0.998053134724132	0.784321048775115
5.57642812526267	0.998529303626787	7	0.997478806217349	0.892542766103249

sse rsquare dfe adjrsquare rmse

